1000000000.00
1001000000.00
1002000000.00
1003000000.00
1004000000.00
1005000000.00
1006000000.00
1007000000.00
1008000000.00
1009000000.00
1010000000.00
1011000000.00
1012000000.00
1013000000.00
1014000000.00
1015000000.00
1016000000.00
1017000000.00
1018000000.00
1019000000.00
1020000000.00
1021000000.00
1022000000.00
1023000000.00
1024000000.00
1025000000.00
1026000000.00
1027000000.00
1028000000.00
1029000000.00
1030000000.00
1031000000.00
1032000000.00
1033000000.00
1034000000.00
1035000000.00
1036000000.00
1037000000.00
1038000000.00
1039000000.00
1040000000.00
1041000000.00
1042000000.00
1043000000.00
1044000000.00
1045000000.00
1046000000.00
1047000000.00
1048000000.00
1049000000.00
1050000000.00
1051000000.00
1052000000.00
1053000000.00
1054000000.00
1055000000.00
1056000000.00
1057000000.00
1058000000.00
1059000000.00
1060000000.00
1061000000.00
1062000000.00
1063000000.00
1064000000.00
1065000000.00
1066000000.00
1067000000.00
1068000000.00
1069000000.00
1070000000.00
1071000000.00
1072000000.00
1073000000.00
1074000000.00
1075000000.00
1076000000.00
1077000000.00
1078000000.00
1079000000.00
1080000000.00
1081000000.00
1082000000.00
1083000000.00
1084000000.00
1085000000.00
1086000000.00
1087000000.00
1088000000.00
1089000000.00
1090000000.00
1091000000.00
1092000000.00
1093000000.00
1094000000.00
1095000000.00
1096000000.00
1097000000.00
1098000000.00
1099000000.00
1100000000.00
1101000000.00
1102000000.00
1103000000.00
1104000000.00
1105000000.00
1106000000.00
1107000000.00
1108000000.00
1109000000.00
1110000000.00
1111000000.00
1112000000.00
1113000000.00
1114000000.00
1115000000.00
1116000000.00
1117000000.00
1118000000.00
1119000000.00
1120000000.00
1121000000.00
1122000000.00
1123000000.00
1124000000.00
1125000000.00
1126000000.00
1127000000.00
1128000000.00
1129000000.00
1130000000.00
1131000000.00
1132000000.00
1133000000.00
1134000000.00
1135000000.00
1136000000.00
1137000000.00
1138000000.00
1139000000.00
1140000000.00
1141000000.00
1142000000.00
1143000000.00
1144000000.00
1145000000.00
1146000000.00
1147000000.00
1148000000.00
1149000000.00
1150000000.00
1151000000.00
1152000000.00
1153000000.00
1154000000.00
1155000000.00
1156000000.00
1157000000.00
1158000000.00
1159000000.00
1160000000.00
1161000000.00
1162000000.00
1163000000.00
1164000000.00
1165000000.00
1166000000.00
1167000000.00
1168000000.00
1169000000.00
1170000000.00
1171000000.00
1172000000.00
1173000000.00
1174000000.00
1175000000.00
1176000000.00
1177000000.00
1178000000.00
1179000000.00
1180000000.00
1181000000.00
1182000000.00
1183000000.00
1184000000.00
1185000000.00
1186000000.00
1187000000.00
1188000000.00
1189000000.00
1190000000.00
1191000000.00
1192000000.00
1193000000.00
1194000000.00
1195000000.00
1196000000.00
1197000000.00
1198000000.00
1199000000.00
1200000000.00
1201000000.00
1202000000.00
1203000000.00
1204000000.00
1205000000.00
1206000000.00
1207000000.00
1208000000.00
1209000000.00
1210000000.00
1211000000.00
1212000000.00
1213000000.00
1214000000.00
1215000000.00
1216000000.00
1217000000.00
1218000000.00
1219000000.00
1220000000.00
1221000000.00
1222000000.00
1223000000.00
1224000000.00
1225000000.00
1226000000.00
1227000000.00
1228000000.00
1229000000.00
1230000000.00
1231000000.00
1232000000.00
1233000000.00
1234000000.00
1235000000.00
1236000000.00
1237000000.00
1238000000.00
1239000000.00
1240000000.00
1241000000.00
1242000000.00
1243000000.00
1244000000.00
1245000000.00
1246000000.00
1247000000.00
1248000000.00
1249000000.00
1250000000.00
1251000000.00
1252000000.00
1253000000.00
1254000000.00
1255000000.00
1256000000.00
1257000000.00
1258000000.00
1259000000.00
1260000000.00
1261000000.00
1262000000.00
1263000000.00
1264000000.00
1265000000.00
1266000000.00
1267000000.00
1268000000.00
1269000000.00
1270000000.00
1271000000.00
1272000000.00
1273000000.00
1274000000.00
1275000000.00
1276000000.00
1277000000.00
1278000000.00
1279000000.00
1280000000.00
1281000000.00
1282000000.00
1283000000.00
1284000000.00
1285000000.00
1286000000.00
1287000000.00
1288000000.00
1289000000.00
1290000000.00
1291000000.00
1292000000.00
1293000000.00
1294000000.00
1295000000.00
1296000000.00
1297000000.00
1298000000.00
1299000000.00
1300000000.00
1301000000.00
1302000000.00
1303000000.00
1304000000.00
1305000000.00
1306000000.00
1307000000.00
1308000000.00
1309000000.00
1310000000.00
1311000000.00
1312000000.00
1313000000.00
1314000000.00
1315000000.00
1316000000.00
1317000000.00
1318000000.00
1319000000.00
1320000000.00
1321000000.00
1322000000.00
1323000000.00
1324000000.00
1325000000.00
1326000000.00
1327000000.00
1328000000.00
1329000000.00
1330000000.00
1331000000.00
1332000000.00
1333000000.00
1334000000.00
1335000000.00
1336000000.00
1337000000.00
1338000000.00
1339000000.00
1340000000.00
1341000000.00
1342000000.00
1343000000.00
1344000000.00
1345000000.00
1346000000.00
1347000000.00
1348000000.00
1349000000.00
1350000000.00
1351000000.00
1352000000.00
1353000000.00
1354000000.00
1355000000.00
1356000000.00
1357000000.00
1358000000.00
1359000000.00
1360000000.00
1361000000.00
1362000000.00
1363000000.00
1364000000.00
1365000000.00
1366000000.00
1367000000.00
1368000000.00
1369000000.00
1370000000.00
1371000000.00
1372000000.00
1373000000.00
1374000000.00
1375000000.00
1376000000.00
1377000000.00
1378000000.00
1379000000.00
1380000000.00
1381000000.00
1382000000.00
1383000000.00
1384000000.00
1385000000.00
1386000000.00
1387000000.00
1388000000.00
1389000000.00
1390000000.00
1391000000.00
1392000000.00
1393000000.00
1394000000.00
1395000000.00
1396000000.00
1397000000.00
1398000000.00
1399000000.00
1400000000.00
1401000000.00
1402000000.00
1403000000.00
1404000000.00
1405000000.00
1406000000.00
1407000000.00
1408000000.00
1409000000.00
1410000000.00
1411000000.00
1412000000.00
1413000000.00
1414000000.00
1415000000.00
1416000000.00
1417000000.00
1418000000.00
1419000000.00
1420000000.00
1421000000.00
1422000000.00
1423000000.00
1424000000.00
1425000000.00
1426000000.00
1427000000.00
1428000000.00
1429000000.00
1430000000.00
1431000000.00
1432000000.00
1433000000.00
1434000000.00
1435000000.00
1436000000.00
1437000000.00
1438000000.00
1439000000.00
1440000000.00
1441000000.00
1442000000.00
1443000000.00
1444000000.00
1445000000.00
1446000000.00
1447000000.00
1448000000.00
1449000000.00
1450000000.00
1451000000.00
1452000000.00
1453000000.00
1454000000.00
1455000000.00
1456000000.00
1457000000.00
1458000000.00
1459000000.00
1460000000.00
1461000000.00
1462000000.00
1463000000.00
1464000000.00
1465000000.00
1466000000.00
1467000000.00
1468000000.00
1469000000.00
1470000000.00
1471000000.00
1472000000.00
1473000000.00
1474000000.00
1475000000.00
1476000000.00
1477000000.00
1478000000.00
1479000000.00
1480000000.00
1481000000.00
1482000000.00
1483000000.00
1484000000.00
1485000000.00
1486000000.00
1487000000.00
1488000000.00
1489000000.00
1490000000.00
1491000000.00
1492000000.00
1493000000.00
1494000000.00
1495000000.00
1496000000.00
1497000000.00
1498000000.00
1499000000.00
1500000000.00
1501000000.00
1502000000.00
1503000000.00
1504000000.00
1505000000.00
1506000000.00
1507000000.00
1508000000.00
1509000000.00
1510000000.00
1511000000.00
1512000000.00
1513000000.00
1514000000.00
1515000000.00
1516000000.00
1517000000.00
1518000000.00
1519000000.00
1520000000.00
1521000000.00
1522000000.00
1523000000.00
1524000000.00
1525000000.00
1526000000.00
1527000000.00
1528000000.00
1529000000.00
1530000000.00
1531000000.00
1532000000.00
1533000000.00
1534000000.00
1535000000.00
1536000000.00
1537000000.00
1538000000.00
1539000000.00
1540000000.00
1541000000.00
1542000000.00
1543000000.00
1544000000.00
1545000000.00
1546000000.00
1547000000.00
1548000000.00
1549000000.00
1550000000.00
1551000000.00
1552000000.00
1553000000.00
1554000000.00
1555000000.00
1556000000.00
1557000000.00
1558000000.00
1559000000.00
1560000000.00
1561000000.00
1562000000.00
1563000000.00
1564000000.00
1565000000.00
1566000000.00
1567000000.00
1568000000.00
1569000000.00
1570000000.00
1571000000.00
1572000000.00
1573000000.00
1574000000.00
1575000000.00
1576000000.00
1577000000.00
1578000000.00
1579000000.00
1580000000.00
1581000000.00
1582000000.00
1583000000.00
1584000000.00
1585000000.00
1586000000.00
1587000000.00
1588000000.00
1589000000.00
1590000000.00
1591000000.00
1592000000.00
1593000000.00
1594000000.00
1595000000.00
1596000000.00
1597000000.00
1598000000.00
1599000000.00
1600000000.00
1601000000.00
1602000000.00
1603000000.00
1604000000.00
1605000000.00
1606000000.00
1607000000.00
1608000000.00
1609000000.00
1610000000.00
1611000000.00
1612000000.00
1613000000.00
1614000000.00
1615000000.00
1616000000.00
1617000000.00
1618000000.00
1619000000.00
1620000000.00
1621000000.00
1622000000.00
1623000000.00
1624000000.00
1625000000.00
1626000000.00
1627000000.00
1628000000.00
1629000000.00
1630000000.00
1631000000.00
1632000000.00
1633000000.00
1634000000.00
1635000000.00
1636000000.00
1637000000.00
1638000000.00
1639000000.00
1640000000.00
1641000000.00
1642000000.00
1643000000.00
1644000000.00
1645000000.00
1646000000.00
1647000000.00
1648000000.00
1649000000.00
1650000000.00
1651000000.00
1652000000.00
1653000000.00
1654000000.00
1655000000.00
1656000000.00
1657000000.00
1658000000.00
1659000000.00
1660000000.00
1661000000.00
1662000000.00
1663000000.00
1664000000.00
1665000000.00
1666000000.00
1667000000.00
1668000000.00
1669000000.00
1670000000.00
1671000000.00
1672000000.00
1673000000.00
1674000000.00
1675000000.00
1676000000.00
1677000000.00
1678000000.00
1679000000.00
1680000000.00
1681000000.00
1682000000.00
1683000000.00
1684000000.00
1685000000.00
1686000000.00
1687000000.00
1688000000.00
1689000000.00
1690000000.00
1691000000.00
1692000000.00
1693000000.00
1694000000.00
1695000000.00
1696000000.00
1697000000.00
1698000000.00
1699000000.00
1700000000.00
1701000000.00
1702000000.00
1703000000.00
1704000000.00
1705000000.00
1706000000.00
1707000000.00
1708000000.00
1709000000.00
1710000000.00
1711000000.00
1712000000.00
1713000000.00
1714000000.00
1715000000.00
1716000000.00
1717000000.00
1718000000.00
1719000000.00
1720000000.00
1721000000.00
1722000000.00
1723000000.00
1724000000.00
1725000000.00
1726000000.00
1727000000.00
1728000000.00
1729000000.00
1730000000.00
1731000000.00
1732000000.00
1733000000.00
1734000000.00
1735000000.00
1736000000.00
1737000000.00
1738000000.00
1739000000.00
1740000000.00
1741000000.00
1742000000.00
1743000000.00
1744000000.00
1745000000.00
1746000000.00
1747000000.00
1748000000.00
1749000000.00
1750000000.00
1751000000.00
1752000000.00
1753000000.00
1754000000.00
1755000000.00
1756000000.00
1757000000.00
1758000000.00
1759000000.00
1760000000.00
1761000000.00
1762000000.00
1763000000.00
1764000000.00
1765000000.00
1766000000.00
1767000000.00
1768000000.00
1769000000.00
1770000000.00
1771000000.00
1772000000.00
1773000000.00
1774000000.00
1775000000.00
1776000000.00
1777000000.00
1778000000.00
1779000000.00
1780000000.00
1781000000.00
1782000000.00
1783000000.00
1784000000.00
1785000000.00
1786000000.00
1787000000.00
1788000000.00
1789000000.00
1790000000.00
1791000000.00
1792000000.00
1793000000.00
1794000000.00
1795000000.00
1796000000.00
1797000000.00
1798000000.00
1799000000.00
1800000000.00
1801000000.00
1802000000.00
1803000000.00
1804000000.00
1805000000.00
1806000000.00
1807000000.00
1808000000.00
1809000000.00
1810000000.00
1811000000.00
1812000000.00
1813000000.00
1814000000.00
1815000000.00
1816000000.00
1817000000.00
1818000000.00
1819000000.00
1820000000.00
1821000000.00
1822000000.00
1823000000.00
1824000000.00
1825000000.00
1826000000.00
1827000000.00
1828000000.00
1829000000.00
1830000000.00
1831000000.00
1832000000.00
1833000000.00
1834000000.00
1835000000.00
1836000000.00
1837000000.00
1838000000.00
1839000000.00
1840000000.00
1841000000.00
1842000000.00
1843000000.00
1844000000.00
1845000000.00
1846000000.00
1847000000.00
1848000000.00
1849000000.00
1850000000.00
1851000000.00
1852000000.00
1853000000.00
1854000000.00
1855000000.00
1856000000.00
1857000000.00
1858000000.00
1859000000.00
1860000000.00
1861000000.00
1862000000.00
1863000000.00
1864000000.00
1865000000.00
1866000000.00
1867000000.00
1868000000.00
1869000000.00
1870000000.00
1871000000.00
1872000000.00
1873000000.00
1874000000.00
1875000000.00
1876000000.00
1877000000.00
1878000000.00
1879000000.00
1880000000.00
1881000000.00
1882000000.00
1883000000.00
1884000000.00
1885000000.00
1886000000.00
1887000000.00
1888000000.00
1889000000.00
1890000000.00
1891000000.00
1892000000.00
1893000000.00
1894000000.00
1895000000.00
1896000000.00
1897000000.00
1898000000.00
1899000000.00
1900000000.00
1901000000.00
1902000000.00
1903000000.00
1904000000.00
1905000000.00
1906000000.00
1907000000.00
1908000000.00
1909000000.00
1910000000.00
1911000000.00
1912000000.00
1913000000.00
1914000000.00
1915000000.00
1916000000.00
1917000000.00
1918000000.00
1919000000.00
1920000000.00
1921000000.00
1922000000.00
1923000000.00
1924000000.00
1925000000.00
1926000000.00
1927000000.00
1928000000.00
1929000000.00
1930000000.00
1931000000.00
1932000000.00
1933000000.00
1934000000.00
1935000000.00
1936000000.00
1937000000.00
1938000000.00
1939000000.00
1940000000.00
1941000000.00
1942000000.00
1943000000.00
1944000000.00
1945000000.00
1946000000.00
1947000000.00
1948000000.00
1949000000.00
1950000000.00
1951000000.00
1952000000.00
1953000000.00
1954000000.00
1955000000.00
1956000000.00
1957000000.00
1958000000.00
1959000000.00
1960000000.00
1961000000.00
1962000000.00
1963000000.00
1964000000.00
1965000000.00
1966000000.00
1967000000.00
1968000000.00
1969000000.00
1970000000.00
1971000000.00
1972000000.00
1973000000.00
1974000000.00
1975000000.00
1976000000.00
1977000000.00
1978000000.00
1979000000.00
1980000000.00
1981000000.00
1982000000.00
1983000000.00
1984000000.00
1985000000.00
1986000000.00
1987000000.00
1988000000.00
1989000000.00
1990000000.00
1991000000.00
1992000000.00
1993000000.00
1994000000.00
1995000000.00
1996000000.00
1997000000.00
1998000000.00
1999000000.00
2000000000.00
2001000000.00
2002000000.00
2003000000.00
2004000000.00
2005000000.00
2006000000.00
2007000000.00
2008000000.00
2009000000.00
2010000000.00
2011000000.00
2012000000.00
2013000000.00
2014000000.00
2015000000.00
2016000000.00
2017000000.00
2018000000.00
2019000000.00
2020000000.00
2021000000.00
2022000000.00
2023000000.00
2024000000.00
2025000000.00
2026000000.00
2027000000.00
2028000000.00
2029000000.00
2030000000.00
2031000000.00
